0.3096865386214347 85.81042654028437
0.6535461877442421 85.81042654028437
0.9971730273551171 85.71563981042654
1.3405670574540614 85.5260663507109
1.6599817078240624 85.57345971563981
2.0033757379230064 85.38388625592417
2.323605221584768 85.76303317535545
2.667814084975472 85.90521327014218
3.011673734098279 85.90521327014218
3.355766192733017 86
3.6993930323438935 85.90521327014218
4.0193897064937225 86.18957345971563
4.36324935561653 86.18957345971563
4.707109004739337 86.18957345971563
5.026407250353372 86.18957345971563
5.353155400349214 89.22274881516587
5.698295501787644 89.74407582938389
6.019223413985199 90.40758293838863
6.364363515423631 90.92890995260663
6.709969235885922 91.63981042654028
7.053479670740834 91.49763033175356
7.3981541531554 91.82938388625593
7.719547684376818 92.6824644549763
8.06270890496383 92.39810426540285
8.382239960089796 92.49289099526067
8.728078490064023 93.29857819905213
9.071356115407 93.06161137440758
9.415099359773842 93.01421800947867
9.735328843435601 93.39336492890995
10.08000332585017 93.72511848341232
10.42432859399684 93.91469194312796
10.743394030098942 93.81990521327015
11.088766941049306 94.43601895734596
11.406784734347717 93.91469194312796
11.75157562151825 94.29383886255924
12.071921509935978 94.72037914691943
12.416246778082645 94.90995260663507
12.75964080818159 94.72037914691943
13.079404672819487 94.90995260663507
13.425010393281779 95.62085308056872
13.767938804356865 95.24170616113744
14.112729691527395 95.62085308056872
14.432260746653363 95.71563981042654
14.77588758626424 95.62085308056872
15.119747235387045 95.62085308056872
15.43904548100108 95.62085308056872
15.758576536127048 95.71563981042654
16.102203375737925 95.62085308056872
16.42057038330423 95.24170616113744
16.765361270474767 95.62085308056872
17.107009229234222 94.72037914691943
17.42677309387212 94.90995260663507
17.772378814334417 95.62085308056872
18.116238463457222 95.62085308056872
18.4591668745323 95.24170616113744
18.801746071339483 94.72037914691943
19.121509935977386 94.90995260663507
19.46536958510019 94.90995260663507
19.808763615199133 94.72037914691943