0.3283582089552237 165
0.6626865671641786 165
0.9970149253731342 165
1.3074626865671641 165
1.6417910447761197 165
1.9761194029850744 165
2.3104477611940295 165
2.620895522388059 165
2.955223880597015 165
3.28955223880597 165
3.623880597014926 165
3.9343283582089557 165
4.244776119402985 165
4.602985074626866 165
4.961194029850747 165
4.961194029850747 175
5.271641791044776 175
5.605970149253732 175
5.940298507462687 175
6.2746268656716415 175
6.608955223880598 175.1
6.919402985074627 175
7.253731343283584 175.1
7.5641791044776125 175
7.922388059701492 175
8.232835820895524 175
8.567164179104477 175
8.901492537313434 175
9.211940298507464 175
9.570149253731344 175
9.904477611940301 175
10.238805970149254 175
10.573134328358211 175
10.907462686567165 175
11.217910447761195 175
11.552238805970152 175
11.886567164179105 175
12.197014925373136 175
12.531343283582089 175
12.865671641791046 175
13.200000000000003 175
13.510447761194033 175
13.868656716417913 175
14.17910447761194 175
14.513432835820897 175
14.847761194029854 175
15.18208955223881 175
15.516417910447764 175
15.85074626865672 175
16.185074626865674 175
16.495522388059705 175
16.82985074626866 175
17.164179104477615 175
17.49850746268657 175
17.8089552238806 175
18.143283582089555 175
18.477611940298512 175
18.811940298507466 175
19.122388059701496 175